5
7
8
12
13
16
17
20
23
31
32
33
34
35
37
38
40
42
47
50
51
53
54
55
56
60
63
74
77
79
81
82
84
86
98
102
103
107
115
116
117
119
121
122
123
128
134
142
150
151
152
155
159
167
171
172
174
175
189
193
197
198
203
205
207
213
214
216
218
221
223
228
229
230
241
242
250
252
257
263
264
265
285
286
293
297
300
303
307
315
326
329
334
336
338
339
341
344
348
366
367
371
375
378
379
384
385
391
392
398
404
408
410
412
413
420
437
442
447
449
456
457
461
464
465
469
482
485
494
497
508
509
512
526
530
531
542
544
546
550
559
571
574
578
584
587
592
594
595
598
600
606
607
611
614
618
621
629
648
652
658
662
668
670
679
683
689
703
709
732
753
763
764
765
767
775
779
782
783
792
793
799
807
808
813
815
817
849
854
858
859
860
871
875
890
904
906
907
910
926
939
999
1003
1023
1032
1103
1193
1234
1341
1343
1598
1671
1775
1821
1829
1852
1911
2073
2088
2107
2110
2312
2607
2904
2975
3032
3185
3583
3633
3639
3667
3686
3691
3733
3852
4018
4023
4034
4038
4040
4047
4049
4052
4056
4065
4071
4076
4077
4078
4079
4080
4083
4090
4101
4103
4105
4108
4123
4137
4138
4161
4174
4216
4238
4281
4287
4298
4299
4307
4308
4310
4311
4562
4569
4570
4738
4742
4853
5040
5109
5120
5300
5301
5302
5303
