39
39
39
39
39
39
39
39
39
39
39
39
39
82
51
82
51
82
54
100
85
51
51
51
51
85
51
51
51
87
82
82
51
51
82
51
51
51
85
85
85
85
82
82
82
82
82
85
85
85
85
82
54
82
31
85
10
10
10
10
10
10
22
10
10
85
85
82
51
85
85
85
85
82
51
31
85
85
82
85
85
51
85
85
82
85
85
85
85
85
31
85
54
51
166
166
166
94
166
8
8
8
10
166
94
94
94
8
217
94
358
94
2038
146
94
94
94
3861
8
92
4209
464
51
51
51
51
51
51
51
51
51
4042
51
51
51
4112
4069
4028
4185
4248
4141
4493
51
51
51
51
51
51
4420
4483
51
87
87
87